# ids of images in the ILSVRC2017 dataset (test data) with large homogeneous patches
# format: image id, left boundary height, right boundary height, left boundary width, right boundary width 
3 0 240 150 300
5 0 50 300 500
6 20 250 300 350
10 0 100 200 500
12 0 375 0 100
28 250 500 100 400
30 0 80 0 500
33 410 500 80 210
46 80 170 100 250
50 0 70 0 390
79 200 370 50 310
85 250 330 120 300
94 0 300 0 190
98 100 330 380 500
110 0 300 300 500
120 0 120 0 330
125 230 330 300 500
138 0 40 0 500
140 0 80 180 500
147 0 350 350 480
158 20 140 150 330
164 0 330 420 500
176 0 300 0 100
186 300 500 0 170
189 0 100 180 370
192 0 140 0 200
199 150 400 0 140
215 0 130 20 330
216 0 150 350 500
225 0 370 330 500
226 200 310 280 500
232 0 230 250 500
234 400 500 250 440
235 0 100 0 200
237 0 330 350 500
247 0 150 240 500
252 0 100 120 500
269 0 280 0 150
273 220 330 0 200
276 0 100 280 500
279 0 250 300 500
283 0 130 0 500
296 0 140 0 280
304 0 200 280 400
309 0 200 0 500
323 0 140 250 350
326 0 150 0 250
336 0 150 250 500
339 0 100 0 150
341 0 190 330 500
351 0 100 0 100
367 125 200 0 300
370 0 230 0 330
381 0 90 0 200
383 220 330 0 140
385 0 160 90 330
397 0 100 0 500
405 0 240 390 500
407 0 150 200 330
410 0 300 0 180
414 200 350 0 100
418 0 140 100 350
419 0 200 350 500
423 0 330 300 470
431 150 330 20 300
434 150 290 80 300
435 0 200 380 500
438 0 230 0 180
450 0 130 230 500
455 0 300 0 70
475 0 160 0 130
476 0 180 0 190
488 280 370 0 120
491 0 150 420 500
494 0 180 370 500
497 0 200 0 110
499 0 320 0 70
503 300 370 110 400
511 380 460 0 170
515 0 200 300 500
516 170 320 320 500
522 400 500 0 100
534 0 100 250 400
537 0 110 0 400
540 150 250 320 500
544 0 150 300 500
550 0 270 0 90
552 0 220 80 180
571 40 200 0 150
575 150 250 180 240
576 0 80 40 240
580 300 370 50 450
588 0 110 220 500
590 0 180 0 230
596 0 110 330 500
597 0 100 0 200
600 0 100 0 100
604 250 330 0 250
609 30 200 30 120
614 0 130 220 310
621 0 100 100 310
624 0 330 320 500
628 0 200 0 80
630 70 180 30 100
636 0 150 360 500
652 80 160 330 490
662 0 120 360 500
666 240 330 0 200
681 0 120 0 110
684 60 160 340 450
685 120 400 0 80
695 0 100 50 300
697 250 320 0 200
698 250 370 70 500
705 0 200 40 130
708 0 330 0 250
716 300 500 0 170
717 0 220 400 500
719 60 450 70 200
731 190 280 110 500
734 0 110 0 230
751 90 190 300 500
767 260 330 0 200
782 0 140 240 340
791 0 100 0 130
804 200 500 350 500
806 20 170 10 280
818 50 110 230 500
827 0 150 0 200
830 0 480 0 100
832 0 330 350 500
837 0 120 250 350 
843 0 140 0 130
859 0 80 330 500
879 200 260 0 300
900 200 400 300 400
903 0 100 100 330
908 0 60 0 500
916 0 90 0 500
918 0 140 0 170
921 0 150 0 100
931 0 200 30 150
943 0 190 0 210
965 0 90 0 290
981 130 170 300 500
982 0 150 0 250
991 150 310 240 500
995 0 140 330 500
1004 280 500 210 330
1010 0 220 0 110
1012 0 110 50 500
1016 0 140 330 500
1018 0 170 0 140
1020 10 150 0 140
1025 0 120 210 500
1044 20 200 20 110
1046 150 300 0 100
1052 150 380 0 90
1055 0 190 340 500
1057 0 100 160 500
1061 0 120 0 500
1062 0 150 0 500
1085 0 150 80 290
1087 0 120 200 470
1092 330 500 0 280
1103 0 150 220 330
1108 0 90 0 450
1115 0 300 0 140
1129 0 70 0 500
1146 250 310 0 200
1171 0 200 0 180
1178 50 180 100 300
1182 0 200 0 190
1188 0 330 0 130
1209 0 110 180 400
1210 0 270 0 120
1223 0 160 300 500
1228 70 230 0 100
1238 0 120 120 320
1253 0 80 250 500
1264 0 320 0 200
1277 350 500 150 320
1278 0 120 0 270
1286 110 330 0 140
1288 310 370 0 500
1299 0 130 0 500
1308 0 180 370 500
1312 0 90 310 500
1315 0 150 0 110
1317 100 280 0 130
1325 0 200 0 160
1326 0 100 350 500
1330 0 200 0 120
1331 0 130 0 200
1335 0 110 0 240
1344 0 100 0 250
1358 0 130 210 500
1363 0 110 150 500
1375 0 250 0 150
1379 0 90 0 280
1380 0 330 0 190
1383 230 500 0 100
1395 0 200 270 370
1396 0 230 320 500
1410 130 200 330 500
1431 0 210 0 160
1435 0 140 0 190
1441 0 200 320 500
1443 0 180 0 180
1458 120 330 0 220
1463 0 100 0 270
1477 100 190 0 120
1486 30 280 350 470
1505 0 130 160 330
1519 0 170 0 280
1521 250 370 350 500
1532 0 90 230 500
1535 180 300 0 160
1539 10 200 10 120
1543 270 330 0 330
1544 0 170 0 150
1548 0 170 0 100
1555 240 330 0 500
1561 100 370 60 220
1570 310 370 0 150
1572 0 230 0 140
1599 250 370 0 200
1605 20 150 340 450
1611 0 340 0 100
1623 50 200 0 300
1625 0 150 0 160
1636 0 330 30 170
1638 150 430 270 340
1650 0 220 0 170
1674 0 70 110 420
1675 0 140 350 500
1697 0 60 0 500
1701 0 160 0 110
1702 50 150 0 70
1716 0 100 190 500
1728 0 60 0 500
1729 0 210 0 500
1738 0 240 0 70
1746 0 100 210 500
1748 200 310 150 500
1751 80 160 0 200
1778 330 500 0 190
1783 0 200 0 200
1794 0 180 0 500
1796 190 360 0 200
1815 0 100 0 500
1824 0 180 0 330
1826 0 200 0 130
1834 0 120 0 110
1859 340 500 0 150
1865 80 150 100 300
1866 0 140 310 500
1867 270 370 300 500
1869 0 110 0 190
1870 0 130 0 240
1877 0 140 0 130
1893 0 210 0 140
1895 0 150 360 500
1924 0 150 0 220
1925 0 90 0 330
1931 230 350 0 310
1958 0 100 0 500
1961 20 120 20 230
1963 0 250 0 140
1984 0 100 250 500
1992 0 170 0 200
2000 0 290 330 500
2008 0 170 0 130
2017 230 330 0 100
2025 0 260 130 380
2037 0 60 0 500
2045 0 170 0 120
2052 0 100 300 500
2053 0 330 0 80
2064 400 500 0 340
2073 0 150 200 300
2074 0 310 350 500
2093 190 280 0 200
2106 300 370 0 150
2108 0 170 30 190
2111 0 100 0 260
2119 170 370 300 500
2121 0 80 250 500
2146 0 110 0 350
2147 0 400 0 130
2155 220 460 0 150
2170 0 330 390 500
2181 0 150 50 270
2185 50 330 400 500
2206 0 250 0 180
2213 0 230 360 500
2222 0 70 0 190
2231 70 210 400 500
2245 100 330 0 110
2248 0 90 300 500
2250 0 150 0 210
2253 0 100 0 150
2262 0 130 100 280
2263 0 180 0 180
2269 250 330 150 450
2289 0 150 260 500
2291 210 330 0 280
2296 0 80 0 420
2299 0 370 320 500
2304 0 130 0 190
2322 0 150 0 220
2323 220 370 230 500
2324 0 160 0 140
2327 210 370 200 500
2336 0 130 0 140
2352 0 120 250 500
2355 0 250 400 500
2360 0 100 0 500
2365 0 250 390 500
2380 0 500 0 100
2381 220 330 0 500
2383 0 280 240 500
2388 0 190 320 450
2390 0 330 0 80
2415 220 340 0 110
2416 110 290 0 130
2424 0 150 0 500
2428 0 150 0 200
2439 100 250 100 320
2448 0 100 10 220
2449 0 70 0 350
2450 0 90 310 450
2452 250 310 10 280
2454 30 100 50 500
2455 0 130 0 500
2460 0 110 0 370
2464 220 330 0 500
2474 0 120 290 500
2497 0 280 330 500
2522 0 210 0 80
2524 0 200 0 330
2527 0 230 0 330
2537 220 330 0 150
2553 0 150 360 500
2556 0 110 0 500
2572 0 150 200 400
2573 0 130 0 120
2583 0 130 320 500
2586 0 230 0 180
2595 0 200 0 150
2627 0 120 0 280
2628 220 330 0 120
2630 0 100 0 330
2648 0 100 0 300
2667 60 120 10 320
2668 0 100 200 500
2673 0 270 0 100
2685 300 350 300 500
2701 250 330 0 250
2714 350 500 0 140
2717 130 370 0 260
2718 0 300 0 130
2729 130 330 0 260
2733 0 180 270 410
2734 0 350 0 110
2750 200 330 0 120
2762 0 190 150 250
2768 240 280 0 500
2772 0 130 90 410
2787 0 160 40 180
2789 0 150 250 500
2794 350 500 250 500
2798 0 200 210 330
2799 0 330 0 110
2809 100 370 0 200
2812 0 140 320 500
2820 0 80 0 500
2849 0 160 0 150
2859 0 350 370 500
2875 0 330 0 210
2892 0 130 400 500
2895 140 240 330 500
2904 0 310 80 200
2908 150 330 340 500
2909 0 170 350 500
2911 0 200 0 110
2913 220 330 150 280
2923 0 200 350 500
2929 0 90 0 320
2931 0 300 370 500
2936 270 350 0 350
2938 0 140 250 500
2941 0 190 0 130
2967 200 370 0 150
2968 0 170 0 500
2970 280 370 150 350
2975 230 500 0 110
2988 30 150 350 500
2996 0 200 0 200
3002 0 250 350 500
3005 0 330 370 500
3013 0 400 290 370
3015 0 350 310 500
3016 0 90 0 300
3018 0 200 0 190
3023 200 330 0 180
3024 0 330 0 80
3040 0 160 390 500
3049 0 270 350 500
3058 0 70 210 500
3060 300 370 0 200
3067 70 140 0 500
3069 0 150 0 110
3077 0 330 0 100
3089 0 150 210 380
3098 310 420 350 500
3110 0 100 0 500
3113 0 200 0 280
3114 220 330 0 500
3124 0 400 270 370
3126 0 330 0 80
3128 160 290 100 320
3135 0 180 0 250
3136 250 370 0 330
3160 0 120 250 500
3165 0 330 0 180
3166 150 330 150 310
3178 0 110 280 500
3182 400 500 0 370
3186 0 250 0 80
3197 0 200 0 120
3198 120 230 0 160
3226 0 100 50 250
3227 0 80 230 500
3240 300 370 200 500
3245 170 330 0 190
3269 0 70 200 500
3274 0 400 50 200
3288 0 500 0 150
3307 0 450 0 100
3316 0 130 340 500
3318 0 150 0 150
3324 0 90 0 500
3325 200 330 390 500
3326 0 100 0 370
3329 30 130 300 500
3350 0 220 370 500
3352 0 100 370 500
3358 0 80 0 500
3362 0 410 330 500
3365 0 90 0 500
3381 0 120 100 500
3391 0 90 0 210
3394 250 330 0 500
3399 0 150 0 100
3401 150 280 320 500
3424 0 180 180 500
3425 30 100 0 500
3431 80 250 380 500
3452 0 350 380 500
3464 0 170 360 500
3467 0 350 0 50
3468 20 120 0 330
3474 20 170 20 480
3479 250 370 0 210
3482 0 270 0 90
3484 30 110 50 500
3492 0 120 0 210
3497 0 100 150 400
3502 160 330 0 180
3503 0 300 0 330
3507 0 320 0 140
3516 0 80 0 350
3544 0 500 0 90
3547 0 100 280 500
3555 200 280 0 390
3584 0 190 340 500
3597 0 300 230 330
3598 50 220 210 330
3608 100 240 0 100
3609 0 330 0 80
3623 180 330 0 150
3625 190 330 0 190
3632 0 300 0 90
3637 300 350 0 500
3640 0 200 0 110
3658 200 500 0 130
3664 0 100 0 500
3666 0 100 100 280
3667 0 330 0 250
3675 0 250 330 500
3680 0 60 200 500
3711 80 200 200 360
3718 10 100 10 200
3724 0 130 0 240
3728 30 200 350 500
3738 0 190 0 130
3741 260 330 0 400
3742 0 370 0 70
3744 180 290 0 200
3746 0 120 0 250
3749 0 100 240 500
3773 0 80 0 500
3781 0 210 330 500
3807 0 120 0 160
3811 0 320 280 500
3824 250 370 0 110
3828 0 100 0 500
3830 280 330 0 370
3835 0 90 0 500
3837 0 90 0 120
3865 0 70 250 500
3876 0 150 300 500
3877 0 100 300 410
3887 340 480 0 180
3892 0 500 0 90
3897 0 80 0 500
3901 240 330 0 250
3904 0 110 240 500
3909 10 150 10 160
3914 0 330 0 90
3918 0 250 360 490
3931 30 150 0 500
3937 0 200 250 380
3939 0 500 0 60
3941 300 500 340 470
3951 0 120 0 250
3960 300 430 250 430
3965 0 100 0 250
3966 0 150 0 270
3967 0 270 0 200
3979 0 150 330 500
3980 0 100 0 400
3983 0 350 0 200
3992 0 330 0 110
3994 0 150 200 500
4007 0 80 0 370
4010 0 100 100 300
4014 0 100 0 500
4017 370 500 0 330
4023 280 330 0 390
4036 300 400 0 110
4049 70 190 0 180
4054 270 330 0 460
4056 0 130 0 230 
4057 0 140 0 160
4082 210 330 0 500
4102 390 500 0 280
4104 0 200 260 330
4108 0 250 0 190
4122 100 250 90 350
4129 200 400 140 320
4136 0 400 260 320
4140 20 100 20 490
4147 0 180 0 90
4156 370 480 0 330
4160 0 100 0 190
4167 0 190 150 330
4174 260 330 0 70
4190 0 500 0 130
4220 0 70 230 500
4224 0 150 0 130
4227 0 130 300 500
4237 220 330 0 300
4244 0 150 0 270
4245 0 110 0 500
4247 0 90 0 500
4256 0 140 0 330
4273 0 200 0 240
4277 0 190 380 500
4278 0 200 100 270
4280 40 300 0 90
4285 0 100 0 250
4290 0 160 270 500
4291 0 90 0 500
4292 0 150 0 130
4293 0 200 0 200
4295 10 310 330 490
4305 0 110 0 330
4312 160 260 330 500
4314 0 170 220 350
4321 0 80 0 230
4322 0 190 280 430 
4325 0 150 260 350
4332 400 500 150 330
4337 0 90 0 330
4345 220 350 0 500
4348 0 100 270 500
4357 0 70 30 220
4360 0 230 0 190
4372 330 500 0 500
4375 0 470 0 240
4380 100 470 0 90
4384 300 370 0 230
4385 0 250 270 500
4389 200 370 0 220
4393 0 330 0 160
4400 370 500 220 330
4406 0 170 390 500
4413 170 330 0 110
4420 0 100 0 450
4426 360 500 0 200
4428 160 330 210 500
4438 270 330 0 290
4460 0 160 310 500
4470 0 80 230 500
4475 0 330 0 100
4490 0 100 0 500
4492 0 140 0 260
4519 0 110 300 470
4520 230 370 120 270
4526 0 200 250 500
4530 0 110 170 290
4534 0 180 370 500
4535 240 310 0 220
4541 300 370 0 250
4544 120 330 310 500
4547 20 170 290 480
4550 0 330 240 500
4551 200 360 0 120
4560 0 200 0 500
4564 0 150 0 150
4570 0 200 0 500
4584 220 350 200 500
4599 0 110 150 500
4600 0 80 130 300
4606 250 330 0 200
4609 0 190 0 140
4619 0 100 0 300
4627 200 330 0 220
4631 50 330 0 130
4637 0 120 0 500
4640 0 330 0 120
4643 20 100 20 320
4658 250 330 220 500
4664 0 200 220 500
4671 0 340 3 60
4673 0 330 280 500
4677 230 500 0 130
4684 0 150 200 500
4686 0 500 0 120
4690 0 500 0 80
4691 30 200 290 500
4698 0 100 0 250
4707 220 330 0 500
4708 0 170 0 230
4713 0 370 0 90
4717 240 370 0 500
4719 0 120 0 90
4729 0 300 30 160
4733 0 260 350 500
4740 230 330 0 150
4748 100 350 0 140
4751 230 330 0 500
4754 0 150 0 90
4756 0 160 220 350
4764 0 150 0 170
4771 0 90 0 500
4773 10 120 10 210
4776 0 280 0 160
4778 0 60 0 300
4782 0 280 0 200
4784 0 70 0 500
4795 0 370 0 110
4816 250 340 0 230
4834 0 500 0 70
4835 0 180 0 160
4845 80 320 0 70
4864 250 360 0 160
4876 250 370 0 150
4888 0 120 380 500
4892 10 160 100 270
4901 0 230 0 200
4905 0 350 260 500
4911 0 330 0 140
4912 330 470 0 350
4920 0 110 0 350
4921 0 290 0 120
4924 280 350 0 500
4932 150 300 240 370
4941 0 330 420 500
4956 0 100 0 160
4976 140 330 0 190
5003 0 100 0 200
5007 0 90 0 500
5010 410 500 0 170
5012 0 200 230 450
5030 0 150 310 400
5031 0 200 0 180
5042 0 500 0 120
5051 0 200 0 250
5053 270 330 200 440
5062 0 80 230 500
5071 0 200 0 120
5082 0 150 0 210
5083 0 380 360 500
5092 0 220 370 500
5096 310 370 200 500
5115 0 90 200 500
5119 0 500 0 180
5124 20 280 20 150
5126 0 180 0 70
5133 0 330 300 500
5139 150 330 0 140
5153 150 290 350 500
5157 0 140 0 150
5178 0 150 380 500
5179 0 120 0 170
5202 0 330 0 170
5216 250 330 0 400
5222 370 500 330 500
5230 270 370 0 300
5252 0 80 0 500
5254 0 120 0 180
5265 260 330 0 300
5277 0 500 440 500
5280 0 150 300 500
5283 0 190 350 500
5285 0 190 0 90
5286 0 200 260 500
5288 0 500 0 100
5302 0 100 0 230
5313 0 310 0 120
5319 0 90 0 310
5327 0 150 0 120
5328 0 160 0 270
5341 310 500 0 110
5353 0 170 0 80
5362 400 500 0 500
5366 0 400 0 190
5367 0 310 0 50
5374 0 150 0 200
5376 0 310 410 500
5387 310 400 0 480
5392 0 100 300 500
5393 0 250 260 380
5408 0 370 330 500
5414 220 280 0 100
5422 0 90 0 500
5423 0 150 390 500
5427 0 160 70 350
5437 250 310 0 500
5456 380 500 0 370
5457 190 330 0 190
5463 0 100 0 280
5484 260 370 210 500
5493 0 120 200 500
5497 0 130 280 480
